Epoch	Sims	CorrectCommits	HonestWins	WinPercentage	AverageRounds	AverageEpRet	StdEpRet	MaxEpRet	MinEpRet	EpLen	AverageVVals	StdVVals	MaxVVals	MinVVals	TotalEnvInteracts	LossPi	LossV	DeltaLossPi	DeltaLossV	Entropy	KL	ClipFrac	StopIter	Time
0	821	1225	108	0.1315468940316687	3.433617539585871	-6.724482	5.230364	3.3	-13.5	2.4336176	0.21336465	0.1013532	0.44214463	0.05559425	4000.0	-3.257117e-08	9.079488	-0.013916481	-5.872351	1.0876793	0.016537633	0.58566433	7.0	2.3037149906158447
1	937	1440	147	0.1568836712913554	2.9978655282817503	-6.24397	5.3417535	3.3	-11.7	1.9978656	-5.05253	2.3106382	-1.0107261	-7.358225	8000.0	1.5801332e-08	3.2665706	-0.029691128	-0.088594675	1.0859976	0.016142387	0.36769846	7.0	4.395659923553467
2	1009	1530	174	0.17244796828543113	2.7958374628344895	-5.678196	5.6001787	3.3	-12.5	1.7958375	-4.6994877	2.051296	-1.0898929	-6.8116064	12000.0	-2.1614872e-08	3.4845283	-0.04541972	-0.053235292	1.0400217	0.015782485	0.11038961	6.0	6.436120986938477
3	1052	1592	232	0.22053231939163498	2.6720532319391634	-4.606369	5.979245	3.3	-10.7	1.6720532	-4.44019	1.833588	-1.5164815	-6.3795195	16000.0	-2.0845992e-09	3.9731987	-0.051871106	-0.122410774	0.9614473	0.016069315	0.19060704	5.0	8.69039511680603
4	1091	1646	293	0.2685609532538955	2.5701191567369386	-3.4504123	6.140572	3.3	-10.4	1.5701191	-3.7680087	1.5014716	-1.2674699	-5.5782614	20000.0	-1.3541105e-08	4.291979	-0.051657863	-0.18480492	0.8693491	0.01773078	0.32169577	6.0	10.99712085723877
5	1145	1713	387	0.33799126637554583	2.440174672489083	-1.8474237	6.055063	3.3	-10.9	1.4401747	-2.8652625	1.1125449	-0.93174845	-4.2869444	24000.0	-7.6902495e-08	4.239698	-0.039378542	-0.31273937	0.7402993	0.015386067	0.24275725	8.0	13.141950845718384
6	1190	1883	489	0.41092436974789914	2.3294117647058825	-0.54058826	5.670656	3.3	-11.4	1.3294117	-1.5912871	0.7961916	-0.2563753	-4.373537	28000.0	9.524838e-10	3.660155	-0.029724337	-0.1998632	0.58503866	0.016091267	0.17827715	11.0	15.227023124694824
7	1236	1804	506	0.40938511326860844	2.220064724919094	0.01561484	5.420152	3.3	-10.3	1.2200648	-0.55474466	0.54430807	0.3404528	-3.6040685	32000.0	-2.4473035e-08	3.1373029	-0.021005975	-0.056654453	0.43869817	0.015083829	0.12012987	22.0	17.908874034881592
8	1257	1893	592	0.4709626093874304	2.17024661893397	1.225537	4.5765715	3.3	-10.0	1.1702466	0.021140534	0.72684056	1.3410432	-1.9336323	36000.0	3.5065934e-08	2.3124163	-0.014028954	-0.14648652	0.31164905	0.005529112	0.077192105	79.0	20.65263605117798
9	1272	1939	618	0.4858490566037736	2.138364779874214	1.1232704	4.671864	3.3	-9.5	1.1383648	1.0738194	0.77843684	2.4860356	-1.22975	40000.0	2.1549944e-08	2.1707637	-0.008401391	-0.010629892	0.23639503	0.004553214	0.059925094	79.0	23.220457077026367
10	1291	1911	622	0.4817970565453137	2.099147947327653	1.3357861	4.485714	3.3	-9.5	1.0991479	1.0416664	0.9369694	2.70173	-1.2903838	44000.0	8.998753e-09	1.9321207	-0.0044795116	-0.0062063932	0.18505692	0.0017072551	0.025224775	79.0	25.9544460773468
11	1300	1937	635	0.48846153846153845	2.0776923076923075	1.6279999	4.200271	3.3	-9.4	1.0776923	1.251893	0.9481504	2.9833264	-1.420542	48000.0	-6.050736e-08	1.7546053	-0.0040530534	-0.014640212	0.14836332	0.0015205984	0.014985015	79.0	28.7883939743042
12	1307	1956	649	0.49655700076511095	2.061973986228003	1.7436112	4.0736504	3.3	-9.2	1.0619739	1.5700142	0.85902596	3.0648942	-0.31864136	52000.0	2.7509836e-08	1.5935544	-0.0012562069	-0.0015739202	0.11979211	0.00019565913	0.011738262	79.0	31.975539207458496
13	1315	1962	650	0.49429657794676807	2.0448669201520913	1.7286689	4.0963387	3.3	-9.2	1.0448669	1.6903493	0.89421934	3.2178862	0.08347349	56000.0	4.311477e-08	1.616517	-0.0017621303	-0.00014352798	0.098981835	0.00022735346	0.0077403244	79.0	34.570883989334106
14	1314	1894	630	0.4794520547945205	2.045662100456621	1.7368339	4.086242	3.3	-9.2	1.045662	1.6475345	0.88845104	3.2211227	0.06819122	60000.0	-7.3643584e-08	1.5999658	-0.00093454414	-0.00016736984	0.08100023	0.00065685937	0.008993255	79.0	37.14651608467102
15	1319	1957	649	0.4920394238059136	2.035633055344958	1.7262319	4.100368	3.3	-9.2	1.0356331	1.7166903	0.8890908	3.2613668	0.08018213	64000.0	-6.514234e-08	1.6148353	-0.0012380339	-0.00012099743	0.06687449	0.0007503161	0.013236763	79.0	39.738184213638306
16	1325	2027	674	0.5086792452830189	2.0226415094339623	1.7544904	4.072005	3.3	-9.2	1.0226415	1.7104795	0.8824695	3.2196665	0.072941765	68000.0	-5.953023e-10	1.5834168	-0.00072255376	-0.00012028217	0.0546685	0.000105819985	0.008489388	79.0	42.5146701335907
17	1325	2029	675	0.5094339622641509	2.021132075471698	1.9126035	3.8868406	3.3	-9.2	1.0211321	1.737838	0.88141656	3.26413	0.06812346	72000.0	-1.9208091e-08	1.4745897	-0.00073193695	-0.0044184923	0.044957362	0.00022546606	0.004246815	79.0	45.07525396347046
18	1327	1914	637	0.4800301431801055	2.016578749058026	1.7302184	4.100622	3.3	-9.2	1.0165788	1.8346989	0.8121926	3.2672617	0.16344519	76000.0	4.101728e-08	1.6150616	-0.00034422448	-0.0038115978	0.037263326	0.00017775234	0.0004996253	79.0	47.94870114326477
19	1327	1887	628	0.47324792765636775	2.016578749058026	1.7209495	4.1109514	3.3	-9.2	1.0165788	1.6900449	0.87270695	3.2813158	0.07705754	80000.0	-6.012579e-08	1.6247259	-0.00030124444	-3.2663345e-05	0.03093662	0.0004177533	0.0004996253	79.0	50.45662808418274
20	1328	2042	680	0.5120481927710844	2.0150602409638556	1.796536	4.024855	3.3	-9.2	1.0150602	1.7714934	0.881702	3.2773833	0.084728375	84000.0	-2.3282134e-08	1.5429637	-0.00017278559	-1.4901161e-05	0.025538597	4.7062542e-05	0.00024975024	79.0	53.048089027404785
21	1329	2037	679	0.510910458991723	2.0120391271632805	1.8352143	3.9810474	3.3	-9.2	1.0120392	1.7742747	0.869438	3.2828465	0.08974204	88000.0	-3.5279164e-08	1.5194016	-3.1770047e-05	-0.00032436848	0.024771092	0.000100293044	0.0	79.0	55.55885887145996
22	1330	1925	641	0.48195488721804514	2.0097744360902254	1.5223306	4.3234096	3.3	-9.2	1.0097744	1.775852	0.8811235	3.2980485	0.11510805	92000.0	1.1673755e-08	1.764089	-0.0003398579	-0.015078068	0.02207111	0.00015107662	0.0022483137	79.0	58.10814094543457
23	1334	1965	655	0.4910044977511244	2.002248875562219	1.7044226	4.132105	3.3	-9.0	1.0022489	1.5437794	1.0106622	3.2794454	-0.16917834	96000.0	-3.774217e-08	1.6213996	-5.4050386e-05	-0.004949689	0.018238686	0.000389653	0.0007490637	79.0	60.777312994003296
24	1331	2018	672	0.5048835462058603	2.0082644628099175	1.8752066	3.9342875	3.3	-9.2	1.0082644	1.7292386	0.9147804	3.3021502	0.042587094	100000.0	7.334468e-08	1.498256	-0.00023610014	-0.0049790144	0.02143681	6.196287e-05	0.00024975024	79.0	63.40183901786804
25	1331	1984	661	0.4966190833959429	2.0082644628099175	1.6534183	4.186337	3.3	-9.2	1.0082644	1.8265325	0.82872504	3.2807984	0.14312325	104000.0	2.2329412e-09	1.6632267	-0.00011735974	-0.0077444315	0.017700689	9.857882e-05	0.00024975024	79.0	66.66763806343079
26	1331	2046	682	0.512396694214876	2.0075131480090156	1.893839	3.9129782	3.3	-9.2	1.0075132	1.6805202	0.91126287	3.2908382	0.021204973	108000.0	5.522978e-08	1.4913648	-0.00024865073	-0.008458018	0.015925104	0.00013276287	0.0	79.0	69.34219312667847
27	1332	2020	673	0.5052552552552553	2.0067567567567566	1.7934684	4.030886	3.3	-9.2	1.0067568	1.8756602	0.8227287	3.2989407	0.15048838	112000.0	5.706531e-09	1.5540754	-0.00019587022	-0.0017083883	0.013285153	0.00020987562	0.0012484394	79.0	72.10409903526306
28	1332	2046	682	0.512012012012012	2.005255255255255	1.8399398	3.9767132	3.3	-9.0	1.0052552	1.8263974	0.8985292	3.2916636	0.092767924	116000.0	1.9987795e-08	1.5031375	-9.892481e-05	-1.0251999e-05	0.010921873	-4.592777e-05	0.0	79.0	74.75030398368835
29	1333	1941	647	0.48537134283570893	2.0045011252813203	1.6658661	4.1739964	3.3	-9.2	1.0045011	1.7719104	0.88776773	3.2986197	0.09654278	120000.0	-6.6822685e-09	1.6490821	-3.3547516e-05	-0.0027903318	0.012684446	9.630801e-07	0.0	79.0	77.38967490196228
30	1333	1941	647	0.48537134283570893	2.0045011252813203	1.6843208	4.1543856	3.3	-9.2	1.0045011	1.64941	0.93991965	3.2965565	0.022062942	124000.0	-3.9528075e-08	1.639934	-0.00015091713	-0.00012814999	0.010876636	6.352947e-05	0.0	79.0	80.0643720626831
31	1333	2055	685	0.5138784696174044	2.003750937734434	1.9151537	3.8867378	3.3	-9.0	1.0037509	1.7497774	0.9295724	3.3000565	0.038117915	128000.0	-3.5697287e-08	1.4572196	-0.00011054067	-0.0060521364	0.009033471	-9.8611445e-06	0.0012487513	79.0	82.65410614013672
32	1332	1962	654	0.49099099099099097	2.006006006006006	1.6458707	4.1950927	3.3	-9.2	1.006006	1.8425032	0.82458365	3.3041475	0.1499212	132000.0	1.0853955e-08	1.6720167	-8.599208e-05	-0.008829832	0.010876411	0.00017302007	0.00074925076	79.0	85.20516014099121
33	1333	1971	657	0.49287321830457614	2.003750937734434	1.6383345	4.203365	3.3	-9.0	1.0037509	1.6547022	0.9458949	3.2984142	0.054898053	136000.0	-1.1042709e-07	1.6623708	-3.600694e-05	-7.56979e-05	0.009039028	5.55894e-05	0.0	79.0	87.8476710319519
34	1333	1989	663	0.4973743435858965	2.003750937734434	2.0074267	3.7712755	3.3	-9.2	1.0037509	1.6737486	0.9222959	3.2980864	0.0061516576	140000.0	-3.9895216e-08	1.4157597	-0.00014115525	-0.024100184	0.007582437	0.00010387773	0.0012487513	79.0	90.4686930179596
35	1333	1944	648	0.48612153038259565	2.003000750187547	1.712303	4.1236296	3.3	-9.2	1.0030007	1.9662832	0.75385946	3.306857	0.22671923	144000.0	-8.8565685e-08	1.6347708	-0.00013663644	-0.014271617	0.0062845093	0.00012337885	0.0009992506	79.0	93.06912612915039
36	1334	1952	650	0.487256371814093	2.000749625187406	1.6586204	4.1824665	3.3	-9.0	1.0007496	1.7220256	0.9119793	3.3020759	0.18034895	148000.0	8.485528e-08	1.6562505	-0.00016456877	-0.0007150173	0.004812706	3.0603107e-05	0.00024981264	79.0	95.62932014465332
37	1335	1998	666	0.49887640449438203	2.0	1.7152807	4.1207657	3.3	-9.0	1.0	1.6663145	0.9258388	3.2885604	0.06898919	152000.0	-6.9620604e-08	1.6124161	2.503246e-08	-0.00042128563	0.004026452	-2.3841858e-06	0.0	79.0	98.3601861000061
38	1334	1926	642	0.48125937031484256	2.001499250374813	1.7598948	4.0708017	3.3	-9.2	1.0014993	1.704239	0.9085416	3.2992368	0.051683493	156000.0	1.4123353e-08	1.5869684	-9.124313e-05	-0.0005733967	0.0040069255	2.8022876e-05	0.0004995005	79.0	101.1580159664154
39	1334	1890	630	0.47226386806596704	2.001499250374813	1.6123686	4.2315645	3.3	-9.0	1.0014993	1.7247541	0.8788154	3.299524	0.08559337	160000.0	2.5366212e-08	1.6962011	-2.3978453e-05	-0.002764225	0.0033296226	-2.3953922e-05	0.0004995005	79.0	103.9308671951294
40	1334	2013	671	0.5029985007496252	2.002248875562219	1.593778	4.2508698	3.3	-9.0	1.0022489	1.6712524	0.9820016	3.2994256	0.011408817	164000.0	-1.8662728e-08	1.6821808	-5.7883924e-05	-0.0013923645	0.003915485	-6.4138825e-05	0.0007490637	79.0	106.5662100315094
41	1334	2100	700	0.5247376311844077	2.002248875562219	1.8427284	3.9748013	3.3	-9.2	1.0022489	1.6242296	0.9844698	3.3000593	-0.12454611	168000.0	-7.360913e-08	1.5205141	-0.000101469544	-0.010424018	0.0046979487	6.685924e-05	0.0007490637	79.0	109.28797507286072
42	1334	1944	648	0.48575712143928035	2.000749625187406	1.5295349	4.3178754	3.3	-9.2	1.0007496	1.7701877	0.8758516	3.2990677	0.10657896	172000.0	-3.7939703e-08	1.7554048	-0.000114347175	-0.012969494	0.0038924918	-3.2486987e-05	0.00024981264	79.0	111.88466811180115
43	1335	1986	662	0.4958801498127341	2.0	1.7152808	4.1207657	3.3	-9.0	1.0	1.5762	1.0160042	3.3025923	-0.15450798	176000.0	-2.9744653e-08	1.6113951	3.834119e-09	-0.0043838024	0.0029485521	-2.3871624e-07	0.0	79.0	114.5060670375824
44	1334	2019	673	0.5044977511244377	2.002248875562219	1.833508	3.9851987	3.3	-9.0	1.0022489	1.736401	0.92604125	3.2981606	0.042263374	180000.0	-1.0790784e-08	1.5189943	-9.743371e-06	-0.002034068	0.0029440182	-5.5070344e-05	0.0	79.0	117.1635320186615
45	1334	2049	683	0.5119940029985007	2.000749625187406	1.7784858	4.0494204	3.3	-9.0	1.0007496	1.8201702	0.8581187	3.2973328	0.10676135	184000.0	1.3162754e-08	1.5606003	-3.0265668e-05	-0.0004273653	0.0032866911	2.8239052e-05	0.00024981264	79.0	119.92751502990723
