Epoch	Sims	CorrectCommits	HonestWins	WinPercentage	AverageRounds	AverageEpRet	StdEpRet	MaxEpRet	MinEpRet	EpLen	AverageVVals	StdVVals	MaxVVals	MinVVals	TotalEnvInteracts	LossPi	LossV	DeltaLossPi	DeltaLossV	Entropy	KL	ClipFrac	StopIter	Time
0	1662	2506	223	0.1341756919374248	2.406738868832732	-115.52824	170.24692	46.0	-2800.4	2.4063816	0.21472126	0.10264528	0.4495896	0.05559425	4000.0	2.802666e-08	1106.6709	-0.024608675	-250.00452	1.0877855	0.01929776	0.44171932	7.0	4.39900803565979
1	1385	2081	191	0.1379061371841155	2.888086642599278	-147.00151	214.3736	117.8	-2800.4	2.8887284	-15.764108	7.5296664	-4.6845565	-25.008688	8000.0	-3.53406e-08	1106.8533	-0.028536487	-101.00702	1.049658	0.017270617	0.0	7.0	9.084536075592041
2	1142	1665	126	0.11033274956217162	3.502626970227671	-193.62135	289.39032	113.4	-2800.4	3.502627	-24.761303	11.71131	-10.06156	-39.91861	12000.0	3.8915493e-09	1308.7316	-0.02435737	-62.81909	0.992755	0.015373097	0.21520329	7.0	13.1054048538208
3	974	1484	133	0.13655030800821355	4.1067761806981515	-253.84862	500.60794	416.1	-9555.8	4.109969	-31.957207	15.147023	-14.745538	-52.110615	16000.0	2.2077917e-05	1645.4847	-0.022081709	-30.036743	0.9169214	0.015801689	0.20490038	7.0	17.287330150604248
4	813	1257	106	0.13038130381303814	4.920049200492005	-319.25275	537.4594	336.1	-4601.0	4.9187193	-37.02374	17.397938	-17.764929	-61.105194	20000.0	3.8967896e-10	2071.371	-0.017095694	-23.619629	0.84058946	0.015812743	0.21342959	10.0	21.133594751358032
5	648	1023	106	0.16358024691358025	6.172839506172839	-494.15195	1158.6047	1228.1	-12741.2	6.180835	-40.708042	19.639984	-19.952042	-69.325485	24000.0	7.470715e-05	3470.3481	-0.020597681	-50.771973	0.7452385	0.004613462	0.11126662	79.0	26.0076642036438
6	591	951	94	0.15905245346869712	6.768189509306261	-563.4234	1195.7706	976.3	-9562.8	6.777966	-45.063293	22.674267	-18.128956	-81.017456	28000.0	6.96363e-05	3954.5095	-0.017668119	-40.589355	0.69534045	0.0054526003	0.066704676	79.0	30.577609062194824
7	527	918	103	0.1954459203036053	7.590132827324478	-645.0401	1722.7001	566.6	-20744.8	7.6026616	-47.78796	24.831081	-11.295412	-90.972115	32000.0	6.891263e-05	4570.8726	-0.019637536	-28.43457	0.6512301	0.005118022	0.10669516	79.0	35.38843894004822
8	517	1000	125	0.24177949709864605	7.7369439071566735	-528.0936	1950.4874	1455.2	-31781.3	7.728682	-51.146896	28.30387	-7.0541534	-98.610535	36000.0	-4.828644e-09	3980.9978	-0.016354231	-14.114746	0.624022	0.0065093464	0.09609307	79.0	39.92315602302551
9	495	1032	157	0.31717171717171716	8.080808080808081	-803.4929	5861.0264	1086.6	-119706.9	8.074899	-47.468723	27.43637	-2.760638	-95.43799	40000.0	4.5377666e-10	7706.9624	-0.012148004	-11.425293	0.5831822	0.004888521	0.05060905	79.0	44.37777900695801
10	521	1122	182	0.3493282149712092	7.677543186180422	-502.9756	2087.6733	3698.1	-28174.0	7.6903844	-45.416084	29.004492	5.9234915	-96.41943	44000.0	5.6196215e-05	3885.9417	-0.015179161	-18.930176	0.5566483	0.0064924993	0.08087591	79.0	48.70351481437683
11	507	1171	217	0.4280078895463511	7.889546351084813	-297.0403	2292.1172	11085.9	-39180.9	7.8498025	-42.994835	26.982582	13.75052	-90.5365	48000.0	1.9624397e-10	3777.3262	-0.0137645155	-10.015869	0.49362984	0.002988588	0.07018857	79.0	53.05285596847534
12	526	1253	260	0.49429657794676807	7.604562737642586	-412.42706	2055.2595	2400.9	-22604.4	7.613333	-41.13902	26.873005	10.708311	-88.52213	52000.0	-3.2927576e-09	3500.1704	-0.0128440615	-46.398193	0.49600106	0.0063127526	0.09480846	79.0	57.527244091033936
13	540	1346	290	0.5370370370370371	7.407407407407407	-488.01135	5039.4194	2568.7	-99494.7	7.4155846	-38.115734	22.907835	12.180584	-78.61458	56000.0	7.377832e-09	4497.416	-0.009220969	-47.810547	0.45312533	0.0027094604	0.080967404	79.0	61.88593792915344
14	582	1472	341	0.5859106529209622	6.8728522336769755	-377.2955	5174.5405	10357.3	-107194.4	6.879518	-33.68004	21.0442	11.370823	-75.70137	60000.0	-4.371238e-09	5610.4565	-0.0051883385	-136.51855	0.43581253	0.0010896765	0.016264886	79.0	66.23570513725281
15	593	1505	348	0.5868465430016864	6.745362563237774	-136.85423	1189.3025	4964.2	-15122.4	6.7550673	-33.611984	21.160666	13.526457	-93.367096	64000.0	0.00016396961	2316.249	-0.008729204	-34.968018	0.42266318	0.00484909	0.10926059	79.0	70.87656903266907
16	486	1229	273	0.5617283950617284	8.23045267489712	-470.35696	5189.7783	3153.3	-98065.9	8.230453	-30.877672	17.772564	12.410851	-91.77289	68000.0	-5.761104e-09	7571.7183	-0.005423854	-46.96045	0.38402683	0.0044132015	0.05758187	79.0	75.29444408416748
17	606	1585	395	0.6518151815181518	6.600660066006601	-290.8762	3717.3474	16237.6	-64722.4	6.6082644	-36.42918	22.733946	10.320376	-104.97571	72000.0	2.4083568e-09	6654.8306	-0.005470077	-97.041016	0.36589408	0.0041565537	0.056861594	79.0	79.94103407859802
18	624	1632	400	0.6410256410256411	6.410256410256411	-135.60596	2472.1445	9691.4	-42376.1	6.367576	-37.452904	24.545734	8.098103	-122.84126	76000.0	1.23149375e-08	4486.923	-0.0056731566	-29.186523	0.3661069	0.008683231	0.0726558	79.0	84.35482001304626
19	815	2120	512	0.6282208588957056	4.9079754601226995	-639.2483	11075.491	3059.4	-289668.0	4.874693	-39.053734	29.800106	7.7046647	-129.05615	80000.0	1.7816562e-08	8528.521	-0.002989507	-35.01367	0.3461143	0.0010400321	0.009566243	79.0	89.4870810508728
20	883	2324	567	0.6421291053227633	4.530011325028313	-211.51836	4096.673	1293.1	-116279.9	4.531746	-34.29335	32.146664	4.2804484	-132.75462	84000.0	-8.684021e-09	4904.343	-0.0026164164	-129.97656	0.3458863	0.0016252142	0.013658783	79.0	94.53088998794556
21	659	1756	446	0.6767830045523521	6.0698027314112295	-333.5463	7702.546	20253.4	-189596.3	6.0698028	-26.875614	19.378225	6.7803454	-95.46088	88000.0	7.4495095e-09	12736.98	-0.006657435	-961.8887	0.32320952	0.009934198	0.10866753	79.0	99.17735195159912
22	952	2531	636	0.6680672268907563	4.201680672268908	-497.70956	7795.973	525.6	-160410.8	4.2016807	-35.258266	31.379568	14.538165	-131.54071	92000.0	8.664206e-09	8236.666	-0.0036096463	-254.5708	0.3247741	0.0020828815	0.06451213	79.0	104.75530099868774
23	885	2364	608	0.6870056497175141	4.519774011299435	-224.26831	4977.728	12324.8	-138681.6	4.5237556	-26.384956	21.24688	12.322123	-112.48165	96000.0	1.0491676e-05	5185.066	-0.0039476384	-261.36035	0.31297618	0.0025994596	0.028964985	79.0	109.74502992630005
24	897	2466	677	0.7547380156075808	4.459308807134894	-608.07697	15859.753	6138.1	-472667.8	4.4587054	-23.294157	22.845745	14.127385	-126.653534	100000.0	-1.646652e-09	23149.756	-0.0018381375	-468.82812	0.3007439	0.001828164	0.04884547	79.0	114.76754307746887
25	875	2433	692	0.7908571428571428	4.571428571428571	-144.34325	2584.621	4194.3	-66641.6	4.5732265	-18.134378	17.884535	13.211054	-153.28036	104000.0	-1.3041844e-08	2137.4683	-0.006244685	-42.698975	0.3109535	0.0051689646	0.09392547	79.0	120.11510801315308
26	987	2777	816	0.8267477203647416	4.052684903748734	-29.223026	794.45526	2385.6	-19474.7	4.0476675	-13.5395975	16.078375	9.6249695	-156.53636	108000.0	1.1340354e-08	1140.3418	-0.0074992804	-9.312256	0.29012483	0.013733697	0.15902475	79.0	125.92942309379578
27	938	2693	821	0.8752665245202559	4.264392324093817	99.71066	1555.7041	40120.7	-710.4	4.267876	-17.223867	24.30044	10.158373	-156.95363	112000.0	2.159172e-05	15640.423	-0.0057877344	-648.3174	0.25086114	0.00522079	0.05158831	79.0	130.80888199806213
28	929	2713	875	0.9418729817007535	4.3057050592034445	-775.0106	16368.378	3163.6	-456716.4	4.305705	-17.56556	26.0868	9.542665	-174.17856	116000.0	-5.53276e-09	10393.899	-0.0042510047	-235.8711	0.24711648	0.0019849038	0.03230337	79.0	136.53849601745605
29	1109	3250	1039	0.9368800721370604	3.606853020739405	-116.47825	4036.7136	2022.9	-134281.8	3.606853	-13.645245	25.153189	13.750039	-185.3616	120000.0	1.1215368e-09	1567.9773	-0.005845611	-35.93274	0.24412197	0.0069527444	0.06501223	79.0	142.08993411064148
30	1242	3690	1208	0.9726247987117552	3.2206119162640903	-170.08742	7029.4653	21189.1	-246890.1	3.2206118	-10.487844	27.979168	7.299857	-189.0781	124000.0	-1.8973811e-08	10255.26	-0.0056321737	-118.38867	0.20540062	0.0028628716	0.030860797	79.0	147.8957371711731
31	1399	4152	1364	0.9749821300929236	2.8591851322373123	8.567744	475.05994	11456.7	-12174.4	2.8340487	-6.5262136	16.154655	7.3393593	-202.6741	128000.0	2.4111133e-08	877.7226	-0.006118703	-201.456	0.17468952	0.008288295	0.15138328	79.0	154.1765239238739
32	1573	4677	1542	0.9802924348378894	2.542911633820725	12.068467	410.34555	16003.4	-2525.4	2.5429115	-7.6134033	23.862623	9.142557	-190.02563	132000.0	5.5606524e-09	953.10284	-0.0044980375	-44.892456	0.1419196	0.0024739625	0.008536231	79.0	161.34664607048035
33	1574	4677	1547	0.9828462515883101	2.5412960609911055	11.599809	735.9808	23588.6	-10067.9	2.541296	-9.450986	32.011898	7.877939	-205.95966	136000.0	1.8457506e-08	2656.3403	-0.0031510636	-42.422363	0.114796765	0.0008906249	0.036397167	79.0	167.9995620250702
34	1791	5325	1765	0.9854829704075935	2.233389168062535	0.9454745	96.51821	1507.8	-3645.9	2.2340782	-2.4491124	17.110052	6.3217177	-212.53082	140000.0	-8.016136e-06	77.75858	-0.005251975	-4.2612686	0.09412257	0.005177602	0.035387922	79.0	175.93555617332458
35	1875	5595	1857	0.9904	2.1333333333333333	2.4250672	24.07919	484.1	-656.9	2.1333334	0.92098343	7.4093714	6.878573	-166.99615	144000.0	-9.250517e-09	12.961383	-0.0060314527	-0.57245445	0.065830864	0.005195312	0.020182688	79.0	184.63894391059875
36	1921	5745	1909	0.9937532535137948	2.082248828735034	3.7889585	50.30387	2170.1	-253.8	2.0828125	0.5680645	12.606457	7.092453	-170.98642	148000.0	-1.17351e-05	17.73204	-0.0031780694	-2.301425	0.037973545	0.0053002667	0.009502611	79.0	192.40322089195251
37	1948	5831	1937	0.99435318275154	2.0533880903490758	2.7698002	11.639404	440.1	-253.8	2.0354393	1.3538463	13.139706	7.16194	-200.03944	152000.0	1.1244443e-08	30.266697	-0.0015685936	-22.348785	0.026851524	0.00032620312	0.00525914	79.0	200.74370098114014
38	1919	5746	1912	0.9963522668056279	2.084418968212611	-1.3730061	483.08383	10596.1	-18317.4	2.084419	1.6872375	5.9009914	7.491911	-131.37395	156000.0	1.941326e-09	590.441	-0.009267321	-245.24603	0.022867791	0.0041690767	0.0140519235	79.0	208.38162207603455
39	1987	5956	1984	0.9984901862103673	2.0130850528434827	2.7015104	3.752697	94.7	-127.4	2.0130851	1.6834753	5.8698025	6.876257	-212.60292	160000.0	1.2872078e-09	7.9207077	-0.0008247794	-0.83135366	0.014854292	-3.1955366e-05	0.001004941	79.0	216.37834000587463
40	1991	5951	1980	0.994475138121547	2.0090406830738323	2.1522858	11.668728	44.6	-430.3	2.0090406	2.0358615	8.426906	7.0788603	-212.10574	164000.0	2.0939243e-08	16.784609	-0.0028514033	-1.0325251	0.013150763	0.00042536744	0.002762431	79.0	224.16275882720947
41	1997	5978	1990	0.9964947421131698	2.0030045067601403	2.4747	5.220624	32.1	-127.4	2.003507	2.440002	6.294407	6.9953346	-205.25731	168000.0	-1.4917139e-05	8.401907	-0.0020441094	-0.47894287	0.009433087	0.0037044808	0.0013353364	79.0	231.67920303344727
42	1991	5969	1987	0.9979909593169262	2.0090406830738323	2.7136116	2.0068996	59.2	-23.4	2.0090406	2.4210103	6.8429217	6.9032955	-200.14789	172000.0	-1.1395463e-08	11.998682	-0.0021758676	-0.5090866	0.009215552	5.011658e-05	0.0017558528	79.0	239.88691401481628
43	1966	5883	1959	0.996439471007121	2.034587995930824	1.4932826	70.56737	440.1	-3068.6	2.0351145	2.0142062	8.954357	6.828415	-129.72807	176000.0	-8.77395e-06	39.252613	-0.004070687	-0.7350197	0.011635273	0.0018015772	0.0039635687	79.0	247.91930603981018
44	1966	5890	1962	0.9979654120040692	2.034587995930824	3.754097	45.043358	1983.4	-127.4	2.0351145	1.4075205	11.120581	6.621317	-125.174614	180000.0	-1.8014305e-05	12.941655	-0.00073819084	-1.2454519	0.010435141	0.00227991	0.0007588533	79.0	255.6569788455963
45	1978	5930	1974	0.9979777553083923	2.0222446916076846	3.2669363	26.402409	1175.9	-23.4	2.0222447	2.881093	1.3490041	6.6499414	-16.116364	184000.0	-9.675932e-09	4.2516584	-0.008601995	-1.6672499	0.009931993	0.0014132818	0.0044504157	79.0	263.1525549888611
46	1994	5975	1991	0.9984954864593781	2.0060180541624875	2.594183	4.276545	44.6	-127.4	2.0060182	2.2256844	7.0862346	6.5032783	-185.01106	188000.0	3.5694914e-08	10.889459	-0.0013762881	-0.8664427	0.011275759	3.172061e-05	0.0011700793	79.0	271.06543493270874
47	1998	5992	1996	0.998998998998999	2.002002002002002	2.6841347	0.87142	13.4	-23.4	2.002002	2.9987216	4.4176226	6.397286	-181.2684	192000.0	-3.6889294e-09	4.8279796	-0.001150215	-0.36957026	0.009285938	0.00022483402	0.000583966	79.0	279.3250629901886
48	1995	5973	1989	0.9969924812030075	2.0050125313283207	2.503359	5.2983236	59.2	-127.4	2.0050125	2.7001274	6.446112	6.1160088	-174.697	196000.0	-1.5967132e-08	9.688201	-0.0015981747	-0.99350166	0.011575201	0.00019437345	0.0016714022	79.0	287.59056782722473
49	1994	5975	1991	0.9984954864593781	2.0060180541624875	2.598495	4.27435	32.1	-127.4	2.006523	2.4431832	7.4283166	5.814808	-165.43994	200000.0	-1.6426846e-05	11.270248	-0.0011443514	-2.90631	0.00940383	0.004646357	0.0013371218	79.0	295.33425402641296
50	1995	5979	1993	0.9989974937343359	2.0050125313283207	2.6714146	3.048543	32.1	-127.4	2.0055165	2.7715526	3.9913967	5.509128	-138.67892	204000.0	-2.7551278e-05	3.3724613	-0.00089645566	-0.35299397	0.008108086	0.0026056159	0.0011692976	79.0	303.7907588481903
51	1995	5978	1992	0.9984962406015038	2.0050125313283207	2.5922773	4.242345	32.1	-127.4	2.0055165	2.3506567	7.1931324	5.3436866	-133.24185	208000.0	-1.8071794e-05	10.788917	-0.0012281265	-0.9019785	0.010415034	0.0037227157	0.0023401587	79.0	313.26844692230225
52	1989	5956	1984	0.9974861739567622	2.0110608345902463	1.5578974	46.555756	59.2	-2064.3	2.0115695	2.8707387	6.3976974	5.1068487	-126.61288	212000.0	-1.5005946e-05	19.966894	-0.0028367052	-0.60461044	0.009322338	0.003799648	0.0022605492	79.0	321.67574095726013
53	1999	5990	1996	0.9984992496248124	2.001000500250125	2.6287792	2.97285	7.2	-127.4	2.0015016	2.3646631	3.30676	4.9278893	-123.47782	216000.0	-2.7837817e-05	2.504893	-0.0013701858	-0.03977871	0.007068759	0.0022982284	0.00083388924	79.0	330.0398111343384
